positive =

 Columns 1 through 8:

   60.183   86.309   79.033   75.344   61.107   96.511   75.025   46.554

 Columns 9 through 16:

   76.099   87.421   84.433   43.533   82.307   76.482   69.365   97.719

 Columns 17 through 24:

   53.971   89.207   69.070   52.740   70.662   92.927   76.979   47.576

 Columns 25 through 32:

   89.677   65.799   77.924   68.972   62.271   69.954   80.190   44.822

 Columns 33 through 40:

   61.379   72.808   85.405   57.052   52.045   69.433   64.177   80.908

 Columns 41 through 48:

   83.902   56.308   94.443   65.569   77.193   70.458   97.772   86.728

 Columns 49 through 56:

   62.073   96.769   91.565   88.696   79.945   74.163   99.273   60.999

 Columns 57 through 64:

   90.547   43.391   97.646   68.862   74.249   69.825   71.796   78.454

 Columns 65 through 72:

   75.396   85.760   40.458   97.535   80.280   92.116   66.747   60.991

 Columns 73 through 80:

   64.039   78.032   72.346   96.228   60.458   73.095   58.841   75.858

 Columns 81 through 88:

   99.828   72.369   47.264   88.476   50.458   75.810   88.914   69.804

 Columns 89 through 96:

   94.835   45.694   67.319   66.589   57.239   59.514   80.367   90.960

 Columns 97 through 104:

   68.469   85.594   75.478   90.425   78.635   96.647   94.094   77.159

 Columns 105 through 112:

   90.449   87.509   74.493   84.845   89.846   45.358   83.489   48.380

 Columns 113 through 120:

   42.262   87.104   99.315   68.775   55.340   64.932   74.776   89.530

