Theta2_grad =

   4.080677   2.922141   2.107392   1.108910   2.770514
  -0.128259  -0.129140  -0.039100  -0.017372  -0.127781
   7.470569   5.219886   3.979207   2.072912   4.923322
   5.456107   3.834631   2.889820   1.502954   3.619861

Theta1_grad =

  -0.193678  -0.050138   0.060386
  -2.044155  -0.067111   0.077720
   0.680847   0.063894  -0.075731
   1.595819   0.021583  -0.026655

Theta2_grad =

   4.080677   2.922141   2.107392   1.108910   2.770514
  -0.128259  -0.129140  -0.039100  -0.017372  -0.127781
   7.470569   5.219886   3.979207   2.072912   4.923322
   5.456107   3.834631   2.889820   1.502954   3.619861

Theta1_grad =

  -0.193678  -0.050138   0.060386
  -2.044155  -0.067111   0.077720
   0.680847   0.063894  -0.075731
   1.595819   0.021583  -0.026655

Theta2_grad =

   4.080677   2.922141   2.107392   1.108910   2.770514
  -0.128259  -0.129140  -0.039100  -0.017372  -0.127781
   7.470569   5.219886   3.979207   2.072912   4.923322
   5.456107   3.834631   2.889820   1.502954   3.619861

Theta1_grad =

  -0.193678  -0.050138   0.060386
  -2.044155  -0.067111   0.077720
   0.680847   0.063894  -0.075731
   1.595819   0.021583  -0.026655

Theta2_grad =

   4.080677   2.922141   2.107392   1.108910   2.770514
  -0.128259  -0.129140  -0.039100  -0.017372  -0.127781
   7.470569   5.219886   3.979207   2.072912   4.923322
   5.456107   3.834631   2.889820   1.502954   3.619861

Theta1_grad =

  -0.193678  -0.050138   0.060386
  -2.044155  -0.067111   0.077720
   0.680847   0.063894  -0.075731
   1.595819   0.021583  -0.026655

== 
==                                   Part Name |     Score | Feedback
==                                   --------- |     ----- | --------
==               Feedforward and Cost Function |  30 /  30 | Nice work!
==                   Regularized Cost Function |  15 /  15 | Nice work!
==                            Sigmoid Gradient |   5 /   5 | Nice work!
==   Neural Network Gradient (Backpropagation) |  40 /  40 | Nice work!
==                        Regularized Gradient |  10 /  10 | Nice work!
==                                   --------------------------------
==                                             | 100 / 100 | 
== 
